845
969
901
587
48
38
592
135
556
135
15
607
972
438
593
990
345
159
945
679
456
18
695
291
461
572
879
801
390
966
201
690
173
568
80
490
389
891
420
462
959
676
289
520
418
388
319
647
662
272
656
305
293
85
534
339
467
961
719
963
199
792
397
700
810
220
60
612
355
306
985
753
394
353
282
648
6
306
104
827
474
102
596
530
810
262
6
763
167
864
789
370
89
894
814
870
195
304
87
854
276
104
674
440
382
611
402
489
83
256
774
443
858
802
127
527
524
973
344
695
691
601
864
92
281
560
305
877
938
610
785
960
934
66
749
738
640
993
132
597
841
851
137
267
724
642
825
683
865
699
340
570
893
115
551
320
272
431
363
578
260
518
894
2
195
271
690
152
933
243
822
242
946
153
590
393
73
786
732
568
32
807
194
187
741
238
330
441
42
535
662
17
690
642
61
500
311
714
537
891
906
684
675
592
311
834
402
537
757
400
630
204
67
71
866
902
596
743
509
762
372
493
128
543
395
576
899
944
267
65
205
938
497
572
817
127
94
972
445
542
153
869
934
748
330
235
432
519
638
307
159
227
919
594
766
469
845
239
50
643
599
920
646
339
230
557
136
474
523
834
248
849
538
216
956
842
728
737
624
681
263
177
507
929
114
954
424
172
968
155
932
903
734
172
130
809
365
340
891
306
681
399
909
688
524
160
420
586
632
658
772
277
0
364
986
372
630
37
306
82
250
185
445
676
268
284
650
720
517
209
720
552
831
16
485
981
510
516
692
166
816
509
58
958
643
599
384
90
436
593
242
60
87
390
238
548
521
787
671
845
819
669
545
995
228
739
772
663
244
885
7
472
719
195
497
589
244
805
68
913
673
718
455
622
397
888
303
830
880
956
752
989
859
735
834
740
451
891
215
968
103
164
975
741
842
749
861
731
401
434
15
381
196
855
945
478
191
10
405
999
345
952
145
568
116
904
430
315
517
229
31
469
223
840
284
641
330
746
73
186
847
206
28
338
664
296
705
641
749
817
752
16
104
446
808
381
739
662
1
347
562
504
489
511
98
986
606
167
832
103
571
296
34
232
856
994
125
850
434
126
766
589
490
430
889
987
587
600
333
766
70
828
414
287
227
765
723
513
102
589
614
753
901
482
673
558
454
287
738
465
860
119
666
817
737
813
420
115
778
696
485
438
490
400
95
369
858
625
479
548
587
511
514
768
862
89
75
926
814
127
613
360
421
366
448
846
308
245
669
596
841
507
61
337
664
458
938
819
71
338
788
876
422
93
244
7
815
755
31
513
947
990
746
21
323
800
179
4
467
167
319
723
89
892
710
925
282
5
210
783
694
634
811
671
968
750
933
446
264
114
784
784
705
513
776
671
717
605
583
51
319
59
808
116
313
87
569
209
475
889
395
760
792
910
444
728
825
161
267
77
144
443
797
877
637
141
765
432
113
126
837
369
28
939
280
131
189
360
949
108
532
623
383
900
160
828
672
33
734
450
725
266
9
530
505
926
813
83
382
135
977
606
390
286
124
550
959
278
16
598
370
18
60
697
292
760
797
450
95
789
952
403
962
588
222
594
285
487
3
360
692
598
992
747
57
662
461
408
698
581
63
935
192
783
344
784
735
223
223
687
823
799
507
324
314
38
171
286
24
858
136
983
770
333
207
984
977
32
633
462
908
810
835
398
733
118
626
452
821
148
778
920
368
409
931
961
28
10
596
671
505
969
525
569
639
167
787
678
521
872
252
479
857
569
104
167
284
520
377
248
182
819
621
11
122
618
936
610
715
970
93
396
224
724
610
757
993
957
868
352
664
218
922
553
965
142
227
594
191
606
765
752
701
595
656
581
678
887
640
802
733
2
885
552
855
258
205
447
563
219
937
140
666
725
699
92
382
578
387
25
408
36
218
863
858
887
414
922
358
485
114
84
99
683
976
655
40
930
649
614
189
598
416
981
558
25
555
297
576
588
248
414
204
270
205
624
707
176
311
253
10
818
719
649
632
854
219
881
101
745
651
920
742
367
13
997
303
565
573
317
658
418
815
593
427
473
468
153
988
934
462
604
531
89
492
656
247
956
595
955
727
556
905
25
675
53
708
906
296
947
343
729
764
45
817
810
325
386
621
424
622
648
127
412
679
837
256
73
431
851
284
71
556
112
856
249
589
164
314
869
947
116
768
213
466
96
143
540
789
869
347
564
348
727
343
292
244
604
192
476
900
54
381
211
225
622
118
973
442
549
79
1
834
730
150
284
50
218
238
596
492
586
612
959
464
187
473
844
183
578
51
99
570
731
737
604
50
498
485
485
503
590
111
527
827
532
930
54
966
685
886
748
207
865
438
594
813
607
629
637
456
75
175
114
856
634
796
849
884
938
566
755
580
955
423
223
20
669
698
261
837
606
629
972
68
732
221
172
435
283
537
304
613
840
213
86
108
32
673
561
921
293
476
312
767
319
699
187
655
672
147
770
546
352
781
347
884
838
119
389
578
652
4
560
783
39
783
944
308
821
325
399
860
970
819
879
920
618
888
449
587
787
910
125
837
712
487
797
344
981
952
180
160
884
529
460
129
980
382
344
607
146
666
116
348
175
202
406
154
581
246
486
662
20
396
356
695
440
226
898
327
984
9
414
66
842
281
179
635
556
559
573
752
874
75
856
745
998
874
489
632
980
816
425
822
290
248
641
648
470
478
762
150
923
21
734
712
596
739
107
228
202
23
852
122
160
423
192
368
915
91
383
558
137
315
513
421
393
224
455
165
798
572
530
455
949
316
587
476
599
908
320
93
944
511
443
126
721
946
860
610
50
658
683
795
682
225
29
944
310
78
494
597
579
962
275
617
401
700
897
825
873
679
500
860
219
182
360
434
274
711
887
760
734
472
923
842
840
132
718
735
65
67
998
205
626
523
718
388
603
755
820
166
485
375
456
130
610
212
804
127
352
669
800
509
868
253
26
909
286
243
485
734
226
947
716
393
527
869
222
840
674
520
831
771
490
167
995
759
80
249
698
733
826
718
226
527
484
198
655
32
782
899
648
231
503
907
590
205
147
524
114
8
772
564
725
819
767
987
40
169
838
553
696
712
119
602
157
67
175
145
384
681
282
954
759
614
419
387
841
122
889
934
35
759
565
627
183
779
406
788
670
490
606
991
945
401
219
288
588
756
205
740
96
376
199
84
946
291
944
438
13
572
978
876
455
731
114
757
343
619
949
698
640
197
60
427
615
809
34
747
569
493
238
88
653
534
946
436
592
879
945
891
893
645
588
944
308
176
60
48
27
239
508
11
435
318
284
53
633
947
927
753
176
619
490
917
117
922
349
502
739
659
183
348
207
568
173
375
657
877
826
218
973
819
804
362
279
81
248
697
920
920
189
486
733
910
333
369
758
656
418
960
589
0
236
83
574
716
66
32
712
234
334
999
786
896
913
893
293
439
838
122
635
345
683
162
719
754
320
731
668
177
580
302
390
95
663
525
522
839
662
70
54
91
72
288
804
653
795
750
473
342
821
140
981
177
968
592
737
227
799
159
454
403
288
216
686
363
521
998
27
510
669
237
808
555
207
50
955
540
166
753
823
212
498
549
0
111
391
495
216
777
Found!